temp seed 1.6 1391812921
trial mov fmin fmax acc
50 32 81 106 0.64
100 37 65 87 0.74
150 29 47 70 0.58
200 25 31 51 0.5
250 33 29 39 0.66
300 30 31 40 0.6
350 33 28 39 0.66
400 27 25 33 0.54
450 27 22 31 0.54
500 27 19 33 0.54
550 29 18 28 0.58
600 33 19 28 0.66
650 24 13 25 0.48
700 30 16 22 0.6
750 33 17 25 0.66
800 33 15 26 0.66
850 27 22 30 0.54
900 28 22 34 0.56
950 34 29 34 0.68
1000 34 26 32 0.68
1050 31 29 40 0.62
1100 30 24 34 0.6
1150 29 19 28 0.58
1200 28 16 22 0.56
1250 22 16 25 0.44
1300 27 19 26 0.54
1350 22 15 23 0.44
1400 23 17 23 0.46
1450 24 19 28 0.48
1500 27 19 28 0.54
1550 30 17 24 0.6
1600 31 9 25 0.62
1650 25 10 17 0.5
1700 25 13 20 0.5
1750 26 19 28 0.52
1800 32 26 33 0.64
1850 31 21 33 0.62
1900 26 21 29 0.52
1950 33 26 41 0.66
2000 29 25 37 0.58
2050 32 24 34 0.64
2100 35 20 28 0.7
2150 27 21 29 0.54
2200 24 17 25 0.48
2250 32 19 30 0.64
2300 32 23 29 0.64
2350 30 23 30 0.6
2400 23 24 32 0.46
2450 35 23 36 0.7
2500 29 25 35 0.58
2550 33 28 37 0.66
2600 28 22 37 0.56
2650 31 14 28 0.62
2700 26 13 24 0.52
2750 23 20 29 0.46
2800 31 25 36 0.62
2850 24 24 36 0.48
2900 20 24 32 0.4
2950 25 21 33 0.5
3000 25 19 35 0.5
3050 27 28 38 0.54
3100 33 25 38 0.66
3150 24 26 34 0.48
3200 27 32 40 0.54
3250 28 31 42 0.56
3300 27 26 35 0.54
3350 27 26 37 0.54
3400 30 28 37 0.6
3450 29 24 35 0.58
3500 28 22 28 0.56
3550 28 18 24 0.56
temp seed 0.8 1391812921
trial mov fmin fmax acc
50 27 63 99 0.54
100 23 57 66 0.46
150 17 41 61 0.34
200 19 22 44 0.38
250 15 18 24 0.3
300 18 13 21 0.36
350 17 8 15 0.34
400 20 6 11 0.4
450 15 5 10 0.3
500 19 5 9 0.38
550 13 5 13 0.26
600 18 4 10 0.36
650 20 3 9 0.4
700 9 2 7 0.18
750 23 2 7 0.46
800 17 2 7 0.34
850 16 5 10 0.32
900 16 6 11 0.32
950 13 5 10 0.26
1000 19 4 12 0.38
1050 17 2 9 0.34
1100 13 2 8 0.26
1150 15 3 8 0.3
1200 12 3 8 0.24
1250 10 2 7 0.2
1300 10 2 8 0.2
1350 14 2 7 0.28
1400 14 2 6 0.28
1450 14 2 7 0.28
1500 14 2 7 0.28
1550 14 1 5 0.28
1600 17 2 11 0.34
1650 25 3 9 0.5
1700 18 3 9 0.36
1750 17 2 7 0.34
1800 21 5 12 0.42
1850 14 3 10 0.28
1900 16 2 6 0.32
1950 21 2 9 0.42
2000 19 3 8 0.38
2050 14 2 8 0.28
2100 12 2 5 0.24
2150 16 2 6 0.32
2200 21 1 8 0.42
2250 15 1 5 0.3
2300 13 0 7 0.26
2350 19 4 8 0.38
2400 9 3 8 0.18
2450 20 3 8 0.4
2500 9 3 8 0.18
2550 16 3 8 0.32
2600 13 3 8 0.26
2650 9 3 9 0.18
2700 17 4 11 0.34
2750 16 5 11 0.32
2800 17 4 12 0.34
2850 14 3 9 0.28
2900 21 1 6 0.42
2950 20 1 5 0.4
3000 13 0 5 0.26
3050 16 0 4 0.32
3100 12 0 5 0.24
3150 13 0 5 0.26
3200 18 0 4 0.36
3250 23 0 11 0.46
3300 14 5 11 0.28
3350 19 3 11 0.38
3400 22 1 7 0.44
3450 10 1 6 0.2
3500 15 0 5 0.3
3550 12 1 6 0.24
3600 24 1 5 0.48
3650 19 1 8 0.38
3700 14 0 7 0.28
3750 16 0 7 0.32
3800 22 1 6 0.44
3850 19 1 8 0.38
3900 15 2 10 0.3
3950 20 2 8 0.4
4000 14 1 6 0.28
4050 17 0 4 0.34
4100 19 0 4 0.38
4150 16 0 4 0.32
4200 14 0 5 0.28
4250 8 0 5 0.16
temp seed 0.4 1391812921
trial mov fmin fmax acc
50 34 75 102 0.68
100 25 47 78 0.5
150 26 32 49 0.52
200 21 21 33 0.42
250 13 14 29 0.26
300 19 10 17 0.38
350 16 9 15 0.32
400 16 6 15 0.32
450 18 4 9 0.36
500 15 2 10 0.3
550 18 2 6 0.36
600 22 1 7 0.44
650 9 1 7 0.18
700 11 3 7 0.22
750 14 2 6 0.28
800 18 2 7 0.36
850 22 3 9 0.44
900 20 3 7 0.4
950 17 3 7 0.34
1000 14 2 7 0.28
1050 21 2 8 0.42
1100 15 4 10 0.3
1150 17 4 8 0.34
1200 22 3 7 0.44
1250 16 2 6 0.32
1300 13 2 6 0.26
1350 13 1 6 0.26
1400 16 0 4 0.32
1450 17 0 4 0.34
1500 20 0 10 0.4
1550 19 7 13 0.38
1600 21 5 12 0.42
1650 16 5 9 0.32
1700 17 4 9 0.34
1750 21 3 8 0.42
1800 16 2 7 0.32
1850 17 2 7 0.34
1900 18 0 6 0.36
1950 17 0 4 0.34
2000 11 0 3 0.22
2050 9 0 5 0.18
2100 11 0 5 0.22
2150 13 0 6 0.26
2200 12 1 7 0.24
2250 18 1 8 0.36
2300 12 1 6 0.24
2350 11 0 5 0.22
2400 18 0 4 0.36
2450 13 0 9 0.26
2500 19 2 8 0.38
2550 25 2 6 0.5
2600 8 2 7 0.16
2650 11 0 5 0.22
2700 18 0 5 0.36
2750 15 1 6 0.3
2800 14 1 5 0.28
2850 17 1 6 0.34
2900 21 1 6 0.42
2950 17 2 8 0.34
3000 18 2 6 0.36
3050 14 1 8 0.28
3100 16 6 15 0.32
3150 19 4 9 0.38
3200 24 3 9 0.48
3250 10 2 8 0.2
3300 18 2 6 0.36
3350 18 1 6 0.36
temp seed 0.2 1391812921
trial mov fmin fmax acc
50 27 77 107 0.54
100 29 44 81 0.58
150 26 35 50 0.52
200 24 23 40 0.48
250 18 16 31 0.36
300 20 9 20 0.4
350 17 7 15 0.34
400 20 5 13 0.4
450 16 3 8 0.32
500 16 1 7 0.32
550 12 1 5 0.24
600 16 0 6 0.32
650 20 0 4 0.4
700 16 0 7 0.32
750 16 0 5 0.32
800 16 0 5 0.32
850 13 1 6 0.26
900 12 0 4 0.24
950 16 0 5 0.32
1000 22 0 5 0.44
1050 12 2 6 0.24
1100 14 1 6 0.28
1150 18 1 5 0.36
1200 24 1 5 0.48
1250 15 1 9 0.3
1300 16 1 6 0.32
1350 9 1 6 0.18
1400 13 0 6 0.26
1450 15 0 5 0.3
1500 21 3 8 0.42
1550 14 2 11 0.28
1600 12 2 9 0.24
1650 15 2 9 0.3
1700 9 3 8 0.18
1750 19 3 7 0.38
1800 17 3 7 0.34
1850 19 2 9 0.38
1900 17 3 7 0.34
1950 14 3 6 0.28
2000 13 2 7 0.26
2050 16 1 6 0.32
2100 14 0 4 0.28
2150 18 0 4 0.36
2200 15 2 8 0.3
2250 16 2 11 0.32
2300 8 2 9 0.16
2350 16 0 11 0.32
2400 17 0 3 0.34
2450 18 0 3 0.36
2500 15 0 5 0.3
2550 13 0 5 0.26
temp seed 0.1 1391812921
trial mov fmin fmax acc
50 30 95 118 0.6
100 25 64 95 0.5
150 22 35 66 0.44
200 24 25 43 0.48
250 24 20 27 0.48
300 20 13 24 0.4
350 18 10 17 0.36
400 20 10 14 0.4
450 16 8 12 0.32
500 18 7 15 0.36
550 16 4 9 0.32
600 19 4 8 0.38
650 19 3 10 0.38
700 14 3 9 0.28
750 14 3 7 0.28
800 12 3 8 0.24
850 20 1 6 0.4
900 14 0 5 0.28
950 25 0 7 0.5
1000 10 3 7 0.2
1050 11 3 8 0.22
1100 20 3 9 0.4
1150 11 3 6 0.22
1200 16 1 7 0.32
1250 19 1 5 0.38
1300 16 1 5 0.32
1350 16 1 4 0.32
1400 17 1 8 0.34
1450 19 2 11 0.38
1500 17 7 11 0.34
1550 20 6 13 0.4
1600 19 4 10 0.38
1650 13 4 9 0.26
1700 18 4 9 0.36
1750 15 4 10 0.3
1800 15 2 7 0.3
1850 20 2 9 0.4
1900 19 3 8 0.38
1950 15 3 7 0.3
2000 16 3 7 0.32
2050 15 3 7 0.3
2100 17 5 9 0.34
2150 20 4 11 0.4
2200 15 4 9 0.3
2250 14 4 10 0.28
2300 12 4 10 0.24
2350 15 4 9 0.3
2400 11 4 9 0.22
2450 16 4 9 0.32
2500 15 3 8 0.3
2550 15 4 9 0.3
2600 21 2 9 0.42
2650 13 2 6 0.26
2700 20 2 12 0.4
2750 23 4 9 0.46
2800 15 2 8 0.3
2850 16 2 8 0.32
temp seed 0.05 1391812921
trial mov fmin fmax acc
50 31 53 92 0.62
100 28 37 56 0.56
150 29 22 40 0.58
200 15 13 24 0.3
250 15 8 16 0.3
300 18 6 12 0.36
350 19 5 9 0.38
400 12 5 11 0.24
450 20 4 10 0.4
500 11 3 8 0.22
550 15 2 7 0.3
600 12 1 5 0.24
650 18 1 6 0.36
700 15 0 6 0.3
750 13 0 4 0.26
800 26 0 3 0.52
850 14 0 4 0.28
900 19 0 6 0.38
950 12 0 7 0.24
1000 8 0 7 0.16
1050 25 0 6 0.5
1100 15 1 7 0.3
1150 14 1 6 0.28
1200 13 0 5 0.26
1250 15 0 5 0.3
1300 10 0 5 0.2
1350 18 0 6 0.36
1400 12 1 5 0.24
1450 16 0 4 0.32
1500 13 0 6 0.26
1550 16 0 6 0.32
1600 20 0 4 0.4
1650 20 0 8 0.4
1700 14 1 6 0.28
1750 17 0 4 0.34
1800 17 0 6 0.34
1850 24 1 6 0.48
1900 18 3 7 0.36
1950 17 3 7 0.34
2000 17 3 7 0.34
2050 14 2 8 0.28
2100 16 2 7 0.32
2150 14 2 11 0.28
2200 14 2 8 0.28
2250 13 1 7 0.26
2300 18 2 6 0.36
2350 26 2 8 0.52
2400 17 4 7 0.34
2450 18 3 7 0.36
2500 22 3 12 0.44
2550 23 7 11 0.46
2600 15 7 13 0.3
2650 20 7 14 0.4
temp seed 0.025 1391812921
trial mov fmin fmax acc
50 28 94 148 0.56
100 26 69 96 0.52
150 29 47 75 0.58
200 21 41 56 0.42
250 22 25 44 0.44
300 18 24 28 0.36
350 22 20 28 0.44
400 18 12 23 0.36
450 15 11 19 0.3
500 19 7 15 0.38
550 13 2 11 0.26
600 11 2 6 0.22
650 13 2 8 0.26
700 12 2 6 0.24
750 14 2 6 0.28
800 14 2 7 0.28
850 14 2 6 0.28
900 18 3 7 0.36
950 22 2 11 0.44
1000 18 2 8 0.36
1050 20 4 15 0.4
1100 11 6 11 0.22
1150 13 7 12 0.26
1200 13 4 12 0.26
1250 18 2 6 0.36
1300 14 1 9 0.28
1350 25 1 9 0.5
1400 18 5 10 0.36
1450 16 5 10 0.32
1500 20 6 11 0.4
1550 14 6 12 0.28
1600 17 5 11 0.34
1650 18 5 9 0.36
1700 17 3 9 0.34
1750 16 2 7 0.32
1800 17 2 8 0.34
1850 19 3 11 0.38
1900 11 1 6 0.22
1950 17 0 7 0.34
2000 15 0 4 0.3
2050 14 0 6 0.28
2100 12 2 6 0.24
2150 17 0 5 0.34
2200 13 0 6 0.26
2250 21 0 6 0.42
2300 20 0 4 0.4
2350 17 0 5 0.34
2400 16 0 6 0.32
2450 15 1 5 0.3
2500 15 3 7 0.3
2550 14 2 7 0.28
2600 16 2 6 0.32
2650 18 1 8 0.36
2700 15 4 8 0.3
2750 19 4 7 0.38
2800 17 3 8 0.34
2850 17 1 7 0.34
2900 12 1 6 0.24
2950 13 1 5 0.26
3000 17 1 6 0.34
3050 9 2 7 0.18
3100 16 2 6 0.32
3150 10 2 6 0.2
3200 14 2 7 0.28
3250 19 2 9 0.38
3300 17 1 6 0.34
3350 10 1 5 0.2
3400 19 1 8 0.38
3450 15 4 12 0.3
3500 19 1 10 0.38
3550 17 0 6 0.34
3600 13 0 5 0.26
3650 16 0 5 0.32
3700 10 0 4 0.2
3750 10 0 6 0.2
3800 10 0 5 0.2
3850 19 0 5 0.38
3900 18 3 8 0.36
